   atom    displacement
         1         1    1.081846E+00    3.770080E-02    3.770080E-02
         1         2    3.770080E-02    1.081846E+00    3.770080E-02
         1         3    3.770080E-02    3.770080E-02    1.081846E+00
         2         1    1.081846E+00   -3.770080E-02    3.770080E-02
         2         2   -3.770080E-02    1.081846E+00   -3.770080E-02
         2         3    3.770080E-02   -3.770080E-02    1.081846E+00
         3         1    1.081846E+00    3.770080E-02   -3.770080E-02
         3         2    3.770080E-02    1.081846E+00   -3.770080E-02
         3         3   -3.770080E-02   -3.770080E-02    1.081846E+00
         4         1    1.081846E+00   -3.770080E-02   -3.770080E-02
         4         2   -3.770080E-02    1.081846E+00    3.770080E-02
         4         3   -3.770080E-02    3.770080E-02    1.081846E+00
         5         1    3.202848E+00    6.939913E-02    6.939913E-02
         5         2    1.184314E-01    3.199848E+00    1.213168E-01
         5         3    1.184314E-01    1.213168E-01    3.199848E+00
         6         1    2.964809E+00   -1.473890E-01    6.682340E-02
         6         2    6.682340E-02    2.964809E+00   -1.473890E-01
         6         3   -1.473890E-01    6.682340E-02    2.964809E+00
         7         1    2.964809E+00   -6.682340E-02   -1.473890E-01
         7         2    1.473890E-01    2.964809E+00   -6.682340E-02
         7         3    6.682340E-02    1.473890E-01    2.964809E+00
         8         1    2.964809E+00   -6.682340E-02    1.473890E-01
         8         2    1.473890E-01    2.964809E+00    6.682340E-02
         8         3   -6.682340E-02   -1.473890E-01    2.964809E+00
         9         1    2.964809E+00    6.682340E-02    1.473890E-01
         9         2   -1.473890E-01    2.964809E+00   -6.682340E-02
         9         3   -6.682340E-02    1.473890E-01    2.964809E+00
        10         1    2.964809E+00    1.473890E-01   -6.682340E-02
        10         2   -6.682340E-02    2.964809E+00   -1.473890E-01
        10         3    1.473890E-01    6.682340E-02    2.964809E+00
        11         1    2.964809E+00   -1.473890E-01   -6.682340E-02
        11         2    6.682340E-02    2.964809E+00    1.473890E-01
        11         3    1.473890E-01   -6.682340E-02    2.964809E+00
        12         1    2.964809E+00    1.473890E-01    6.682340E-02
        12         2   -6.682340E-02    2.964809E+00    1.473890E-01
        12         3   -1.473890E-01   -6.682340E-02    2.964809E+00
        13         1    2.964809E+00    6.682340E-02   -1.473890E-01
        13         2   -1.473890E-01    2.964809E+00    6.682340E-02
        13         3    6.682340E-02   -1.473890E-01    2.964809E+00
        14         1    3.202848E+00   -6.939913E-02   -6.939913E-02
        14         2   -1.184314E-01    3.199848E+00    1.213168E-01
        14         3   -1.184314E-01    1.213168E-01    3.199848E+00
        15         1    3.199848E+00    1.184314E-01   -1.213168E-01
        15         2    6.939913E-02    3.202848E+00   -6.939913E-02
        15         3   -1.213168E-01   -1.184314E-01    3.199848E+00
        16         1    3.199848E+00   -1.213168E-01    1.184314E-01
        16         2   -1.213168E-01    3.199848E+00   -1.184314E-01
        16         3    6.939913E-02   -6.939913E-02    3.202848E+00
        17         1    3.199848E+00    1.213168E-01    1.184314E-01
        17         2    1.213168E-01    3.199848E+00    1.184314E-01
        17         3    6.939913E-02    6.939913E-02    3.202848E+00
        18         1    3.199848E+00    1.184314E-01    1.213168E-01
        18         2    6.939913E-02    3.202848E+00    6.939913E-02
        18         3    1.213168E-01    1.184314E-01    3.199848E+00
        19         1    3.199848E+00   -1.184314E-01    1.213168E-01
        19         2   -6.939913E-02    3.202848E+00   -6.939913E-02
        19         3    1.213168E-01   -1.184314E-01    3.199848E+00
        20         1    3.199848E+00   -1.184314E-01   -1.213168E-01
        20         2   -6.939913E-02    3.202848E+00    6.939913E-02
        20         3   -1.213168E-01    1.184314E-01    3.199848E+00
        21         3   -6.939913E-02    6.939913E-02    3.202848E+00
        22         1    3.199848E+00    1.213168E-01   -1.184314E-01
        22         2    1.213168E-01    3.199848E+00   -1.184314E-01
        22         3   -6.939913E-02   -6.939913E-02    3.202848E+00
        23         1    3.202848E+00    6.939913E-02   -6.939913E-02
        23         2    1.184314E-01    3.199848E+00   -1.213168E-01
        23         3   -1.184314E-01   -1.213168E-01    3.199848E+00
        24         1    3.202848E+00   -6.939913E-02    6.939913E-02
        24         2   -1.184314E-01    3.199848E+00   -1.213168E-01
        24         3    1.184314E-01   -1.213168E-01    3.199848E+00
        25         1   -1.676342E+00   -2.911262E-01   -3.068495E-01
        25         2   -2.535351E-01   -2.200546E+00   -2.248680E-01
        25         3   -2.908193E-01   -2.560430E-01   -2.287746E+00
        26         1   -2.287746E+00    2.560430E-01   -2.908193E-01
        26         2    2.248680E-01   -2.200546E+00    2.535351E-01
        26         3   -3.068495E-01    2.911262E-01   -1.676342E+00
        27         1   -2.287746E+00   -2.560430E-01    2.908193E-01
        27         2   -2.248680E-01   -2.200546E+00    2.535351E-01
        27         3    3.068495E-01    2.911262E-01   -1.676342E+00
        28         1   -2.200546E+00    2.535351E-01    2.248680E-01
        28         2    2.911262E-01   -1.676342E+00   -3.068495E-01
        28         3    2.560430E-01   -2.908193E-01   -2.287746E+00
        29         1   -2.200546E+00   -2.535351E-01    2.248680E-01
        29         2   -2.911262E-01   -1.676342E+00    3.068495E-01
        29         3    2.560430E-01    2.908193E-01   -2.287746E+00
        30         1   -1.676342E+00   -3.068495E-01    2.911262E-01
        30         2   -2.908193E-01   -2.287746E+00    2.560430E-01
        30         3    2.535351E-01    2.248680E-01   -2.200546E+00
        31         1   -1.676342E+00   -3.068495E-01   -2.911262E-01
        31         2   -2.908193E-01   -2.287746E+00   -2.560430E-01
        31         3   -2.535351E-01   -2.248680E-01   -2.200546E+00
        32         1   -2.287746E+00   -2.908193E-01   -2.560430E-01
        32         2   -3.068495E-01   -1.676342E+00   -2.911262E-01
        32         3   -2.248680E-01   -2.535351E-01   -2.200546E+00
        33         1   -2.287746E+00    2.908193E-01    2.560430E-01
        33         2    3.068495E-01   -1.676342E+00   -2.911262E-01
        33         3    2.248680E-01   -2.535351E-01   -2.200546E+00
        34         1   -2.287746E+00    2.908193E-01   -2.560430E-01
        34         2    3.068495E-01   -1.676342E+00    2.911262E-01
        34         3   -2.248680E-01    2.535351E-01   -2.200546E+00
        35         1   -1.676342E+00   -2.911262E-01    3.068495E-01
        35         2   -2.535351E-01   -2.200546E+00    2.248680E-01
        35         3    2.908193E-01    2.560430E-01   -2.287746E+00
        36         1   -2.200546E+00   -2.248680E-01    2.535351E-01
        36         2   -2.560430E-01   -2.287746E+00    2.908193E-01
        36         3    2.911262E-01    3.068495E-01   -1.676342E+00
        37         1   -2.200546E+00    2.248680E-01   -2.535351E-01
        37         2    2.560430E-01   -2.287746E+00    2.908193E-01
        37         3   -2.911262E-01    3.068495E-01   -1.676342E+00
        38         1   -2.142370E+00   -2.060212E-01    2.074018E-01
        38         2   -2.074018E-01   -2.142370E+00    2.060212E-01
        38         3    2.060212E-01    2.074018E-01   -2.142370E+00
        39         1   -2.200546E+00   -2.248680E-01   -2.535351E-01
        39         2   -2.560430E-01   -2.287746E+00   -2.908193E-01
        39         3   -2.911262E-01   -3.068495E-01   -1.676342E+00
        40         1   -1.676342E+00    2.911262E-01    3.068495E-01
        40         2    2.535351E-01   -2.200546E+00   -2.248680E-01
        40         3    2.908193E-01   -2.560430E-01   -2.287746E+00
        41         1   -1.676342E+00    2.911262E-01   -3.068495E-01
        41         2    2.535351E-01   -2.200546E+00    2.248680E-01
        41         3   -2.908193E-01    2.560430E-01   -2.287746E+00
        42         1   -2.200546E+00    2.248680E-01    2.535351E-01
        42         2    2.560430E-01   -2.287746E+00   -2.908193E-01
        42         3    2.911262E-01   -3.068495E-01   -1.676342E+00
        43         1   -1.676342E+00    3.068495E-01    2.911262E-01
        43         2    2.908193E-01   -2.287746E+00   -2.560430E-01
        43         3    2.535351E-01   -2.248680E-01   -2.200546E+00
        44         1   -1.676342E+00    3.068495E-01   -2.911262E-01
        44         2    2.908193E-01   -2.287746E+00    2.560430E-01
        44         3   -2.535351E-01    2.248680E-01   -2.200546E+00
        45         1   -2.142370E+00   -2.060212E-01   -2.074018E-01
        45         2   -2.074018E-01   -2.142370E+00   -2.060212E-01
        45         3   -2.060212E-01   -2.074018E-01   -2.142370E+00
        46         1   -2.142370E+00    2.074018E-01   -2.060212E-01
        46         2    2.060212E-01   -2.142370E+00    2.074018E-01
        46         3   -2.074018E-01    2.060212E-01   -2.142370E+00
        47         1   -2.142370E+00   -2.074018E-01    2.060212E-01
        47         2   -2.060212E-01   -2.142370E+00    2.074018E-01
        47         3    2.074018E-01    2.060212E-01   -2.142370E+00
        48         1   -2.142370E+00    2.074018E-01    2.060212E-01
        48         2    2.060212E-01   -2.142370E+00   -2.074018E-01
        48         3    2.074018E-01   -2.060212E-01   -2.142370E+00
        49         1   -2.142370E+00    2.060212E-01   -2.074018E-01
        49         2    2.074018E-01   -2.142370E+00    2.060212E-01
        49         3   -2.060212E-01    2.074018E-01   -2.142370E+00
        50         1   -2.142370E+00    2.060212E-01    2.074018E-01
        50         2    2.074018E-01   -2.142370E+00   -2.060212E-01
        50         3    2.060212E-01   -2.074018E-01   -2.142370E+00
        51         1   -2.200546E+00    2.535351E-01   -2.248680E-01
        51         2    2.911262E-01   -1.676342E+00    3.068495E-01
        51         3   -2.560430E-01    2.908193E-01   -2.287746E+00
        52         1   -2.142370E+00   -2.074018E-01   -2.060212E-01
        52         2   -2.060212E-01   -2.142370E+00   -2.074018E-01
        52         3   -2.074018E-01   -2.060212E-01   -2.142370E+00
        53         1   -2.287746E+00   -2.908193E-01    2.560430E-01
        53         2   -3.068495E-01   -1.676342E+00    2.911262E-01
        53         3    2.248680E-01    2.535351E-01   -2.200546E+00
        54         1   -2.287746E+00   -2.560430E-01   -2.908193E-01
        54         2   -2.248680E-01   -2.200546E+00   -2.535351E-01
        54         3   -3.068495E-01   -2.911262E-01   -1.676342E+00
        55         1   -2.287746E+00    2.560430E-01    2.908193E-01
        55         2    2.248680E-01   -2.200546E+00   -2.535351E-01
        55         3    3.068495E-01   -2.911262E-01   -1.676342E+00
        56         1   -2.200546E+00   -2.535351E-01   -2.248680E-01
        56         2   -2.911262E-01   -1.676342E+00   -3.068495E-01
        56         3   -2.560430E-01   -2.908193E-01   -2.287746E+00

