Oscillator strengths (in a.u. ; 1 a.u.=253.2638413 m3/s2). Set to zero if abs()<tol14.
 Mode number.       xx          yy          zz          xy          xz          yz          trace
-   1     Real    0.0000E+00  0.0000E+00  1.4953E-10  0.0000E+00  0.0000E+00  0.0000E+00  1.4953E-10
-   2     Real    0.0000E+00  1.4953E-10  0.0000E+00  0.0000E+00  0.0000E+00  0.0000E+00  1.4953E-10
-   3     Real    1.4953E-10  0.0000E+00  0.0000E+00  0.0000E+00  0.0000E+00  0.0000E+00  1.4953E-10
;   4     Real    0.0000E+00  0.0000E+00  0.0000E+00  0.0000E+00  0.0000E+00  0.0000E+00  0.0000E+00
-   5     Real    0.0000E+00  0.0000E+00  0.0000E+00  0.0000E+00  0.0000E+00  0.0000E+00  0.0000E+00
-   6     Real    0.0000E+00  0.0000E+00  0.0000E+00  0.0000E+00  0.0000E+00  0.0000E+00  0.0000E+00
-   7     Real    0.0000E+00  0.0000E+00  0.0000E+00  0.0000E+00  0.0000E+00  0.0000E+00  0.0000E+00
-   8     Real    0.0000E+00  0.0000E+00  0.0000E+00  0.0000E+00  0.0000E+00  0.0000E+00  0.0000E+00
-   9     Real    0.0000E+00  0.0000E+00  0.0000E+00  0.0000E+00  0.0000E+00  0.0000E+00  0.0000E+00
-  10     Real    2.4051E-06  0.0000E+00  0.0000E+00  0.0000E+00  0.0000E+00  0.0000E+00  2.4051E-06
-  11     Real    0.0000E+00  2.4051E-06  0.0000E+00  0.0000E+00  0.0000E+00  0.0000E+00  2.4051E-06
-  12     Real    0.0000E+00  0.0000E+00  2.4051E-06  0.0000E+00  0.0000E+00  0.0000E+00  2.4051E-06
-  13     Real    0.0000E+00  0.0000E+00  0.0000E+00  0.0000E+00  0.0000E+00  0.0000E+00  0.0000E+00
-  14     Real    0.0000E+00  0.0000E+00  0.0000E+00  0.0000E+00  0.0000E+00  0.0000E+00  0.0000E+00
;  15     Real    0.0000E+00  0.0000E+00  0.0000E+00  0.0000E+00  0.0000E+00  0.0000E+00  0.0000E+00
-  16     Real    0.0000E+00  0.0000E+00  0.0000E+00  0.0000E+00  0.0000E+00  0.0000E+00  0.0000E+00
-  17     Real    0.0000E+00  0.0000E+00  0.0000E+00  0.0000E+00  0.0000E+00  0.0000E+00  0.0000E+00
-  18     Real    0.0000E+00  0.0000E+00  0.0000E+00  0.0000E+00  0.0000E+00  0.0000E+00  0.0000E+00
-  19     Real    0.0000E+00  0.0000E+00  0.0000E+00  0.0000E+00  0.0000E+00  0.0000E+00  0.0000E+00
-  20     Real    0.0000E+00  0.0000E+00  0.0000E+00  0.0000E+00  0.0000E+00  0.0000E+00  0.0000E+00
-  21     Real    1.2157E-05  0.0000E+00  0.0000E+00  0.0000E+00  0.0000E+00  0.0000E+00  1.2157E-05
-  22     Real    0.0000E+00  1.2157E-05  0.0000E+00  0.0000E+00  0.0000E+00  0.0000E+00  1.2157E-05
-  23     Real    0.0000E+00  0.0000E+00  1.2157E-05  0.0000E+00  0.0000E+00  0.0000E+00  1.2157E-05
-  24     Real    0.0000E+00  0.0000E+00  0.0000E+00  0.0000E+00  0.0000E+00  0.0000E+00  0.0000E+00
-  25     Real    0.0000E+00  0.0000E+00  0.0000E+00  0.0000E+00  0.0000E+00  0.0000E+00  0.0000E+00
-  26     Real    0.0000E+00  0.0000E+00  0.0000E+00  0.0000E+00  0.0000E+00  0.0000E+00  0.0000E+00
-  27     Real    2.6133E-05  0.0000E+00  0.0000E+00  0.0000E+00  0.0000E+00  0.0000E+00  2.6133E-05
-  28     Real    0.0000E+00  2.6133E-05  0.0000E+00  0.0000E+00  0.0000E+00  0.0000E+00  2.6133E-05
-  29     Real    0.0000E+00  0.0000E+00  2.6133E-05  0.0000E+00  0.0000E+00  0.0000E+00  2.6133E-05
-  30     Real    0.0000E+00  0.0000E+00  0.0000E+00  0.0000E+00  0.0000E+00  0.0000E+00  0.0000E+00
-  31     Real    0.0000E+00  0.0000E+00  0.0000E+00  0.0000E+00  0.0000E+00  0.0000E+00  0.0000E+00
-  32     Real    0.0000E+00  0.0000E+00  0.0000E+00  0.0000E+00  0.0000E+00  0.0000E+00  0.0000E+00
-  33     Real    2.8206E-05  0.0000E+00  0.0000E+00  0.0000E+00  0.0000E+00  0.0000E+00  2.8206E-05
-  34     Real    0.0000E+00  2.8206E-05  0.0000E+00  0.0000E+00  0.0000E+00  0.0000E+00  2.8206E-05
-  35     Real    0.0000E+00  0.0000E+00  2.8206E-05  0.0000E+00  0.0000E+00  0.0000E+00  2.8206E-05
;  36     Real    0.0000E+00  0.0000E+00  0.0000E+00  0.0000E+00  0.0000E+00  0.0000E+00  0.0000E+00
-  37     Real    0.0000E+00  0.0000E+00  0.0000E+00  0.0000E+00  0.0000E+00  0.0000E+00  0.0000E+00
-  38     Real    0.0000E+00  0.0000E+00  0.0000E+00  0.0000E+00  0.0000E+00  0.0000E+00  0.0000E+00
-  39     Real    0.0000E+00  0.0000E+00  0.0000E+00  0.0000E+00  0.0000E+00  0.0000E+00  0.0000E+00
-  40     Real    8.7932E-05  0.0000E+00  0.0000E+00  0.0000E+00  0.0000E+00  0.0000E+00  8.7932E-05
-  41     Real    0.0000E+00  8.7932E-05  0.0000E+00  0.0000E+00  0.0000E+00  0.0000E+00  8.7932E-05
-  42     Real    0.0000E+00  0.0000E+00  8.7932E-05  0.0000E+00  0.0000E+00  0.0000E+00  8.7932E-05
-  43     Real    0.0000E+00  0.0000E+00  0.0000E+00  0.0000E+00  0.0000E+00  0.0000E+00  0.0000E+00
-  44     Real    0.0000E+00  0.0000E+00  0.0000E+00  0.0000E+00  0.0000E+00  0.0000E+00  0.0000E+00
-  45     Real    3.8607E-05  0.0000E+00  0.0000E+00  0.0000E+00  0.0000E+00  0.0000E+00  3.8607E-05
-  46     Real    0.0000E+00  3.8607E-05  0.0000E+00  0.0000E+00  0.0000E+00  0.0000E+00  3.8607E-05
-  47     Real    0.0000E+00  0.0000E+00  3.8607E-05  0.0000E+00  0.0000E+00  0.0000E+00  3.8607E-05
-  48     Real    0.0000E+00  0.0000E+00  0.0000E+00  0.0000E+00  0.0000E+00  0.0000E+00  0.0000E+00
-  49     Real    0.0000E+00  0.0000E+00  0.0000E+00  0.0000E+00  0.0000E+00  0.0000E+00  0.0000E+00
-  50     Real    0.0000E+00  0.0000E+00  0.0000E+00  0.0000E+00  0.0000E+00  0.0000E+00  0.0000E+00
-  51     Real    0.0000E+00  0.0000E+00  0.0000E+00  0.0000E+00  0.0000E+00  0.0000E+00  0.0000E+00
-  52     Real    0.0000E+00  0.0000E+00  0.0000E+00  0.0000E+00  0.0000E+00  0.0000E+00  0.0000E+00
;  53     Real    0.0000E+00  0.0000E+00  0.0000E+00  0.0000E+00  0.0000E+00  0.0000E+00  0.0000E+00
;  54     Real    0.0000E+00  0.0000E+00  0.0000E+00  0.0000E+00  0.0000E+00  0.0000E+00  0.0000E+00
-  55     Real    0.0000E+00  0.0000E+00  1.5080E-05  0.0000E+00  0.0000E+00  0.0000E+00  1.5080E-05
-  56     Real    0.0000E+00  1.5080E-05  0.0000E+00  0.0000E+00  0.0000E+00  0.0000E+00  1.5080E-05
-  57     Real    1.5080E-05  0.0000E+00  0.0000E+00  0.0000E+00  0.0000E+00  0.0000E+00  1.5080E-05
-  58     Real    0.0000E+00  0.0000E+00  0.0000E+00  0.0000E+00  0.0000E+00  0.0000E+00  0.0000E+00
-  59     Real    0.0000E+00  0.0000E+00  0.0000E+00  0.0000E+00  0.0000E+00  0.0000E+00  0.0000E+00
-  60     Real    0.0000E+00  0.0000E+00  0.0000E+00  0.0000E+00  0.0000E+00  0.0000E+00  0.0000E+00
-  61     Real    9.0217E-07  0.0000E+00  0.0000E+00  0.0000E+00  0.0000E+00  0.0000E+00  9.0217E-07
-  62     Real    0.0000E+00  9.0217E-07  0.0000E+00  0.0000E+00  0.0000E+00  0.0000E+00  9.0217E-07
-  63     Real    0.0000E+00  0.0000E+00  9.0217E-07  0.0000E+00  0.0000E+00  0.0000E+00  9.0217E-07
-  64     Real    0.0000E+00  0.0000E+00  0.0000E+00  0.0000E+00  0.0000E+00  0.0000E+00  0.0000E+00
-  65     Real    0.0000E+00  0.0000E+00  0.0000E+00  0.0000E+00  0.0000E+00  0.0000E+00  0.0000E+00
-  66     Real    0.0000E+00  0.0000E+00  0.0000E+00  0.0000E+00  0.0000E+00  0.0000E+00  0.0000E+00
-  67     Real    0.0000E+00  0.0000E+00  0.0000E+00  0.0000E+00  0.0000E+00  0.0000E+00  0.0000E+00
-  68     Real    0.0000E+00  0.0000E+00  0.0000E+00  0.0000E+00  0.0000E+00  0.0000E+00  0.0000E+00
-  69     Real    0.0000E+00  0.0000E+00  1.9435E-03  0.0000E+00  0.0000E+00  0.0000E+00  1.9435E-03
-  70     Real    0.0000E+00  1.9435E-03  0.0000E+00  0.0000E+00  0.0000E+00  0.0000E+00  1.9435E-03
-  71     Real    1.9435E-03  0.0000E+00  0.0000E+00  0.0000E+00  0.0000E+00  0.0000E+00  1.9435E-03
-  72     Real    0.0000E+00  0.0000E+00  0.0000E+00  0.0000E+00  0.0000E+00  0.0000E+00  0.0000E+00
-  73     Real    0.0000E+00  0.0000E+00  0.0000E+00  0.0000E+00  0.0000E+00  0.0000E+00  0.0000E+00
-  74     Real    0.0000E+00  0.0000E+00  0.0000E+00  0.0000E+00  0.0000E+00  0.0000E+00  0.0000E+00
-  75     Real    0.0000E+00  0.0000E+00  0.0000E+00  0.0000E+00  0.0000E+00  0.0000E+00  0.0000E+00
-  76     Real    0.0000E+00  0.0000E+00  0.0000E+00  0.0000E+00  0.0000E+00  0.0000E+00  0.0000E+00
-  77     Real    0.0000E+00  0.0000E+00  1.9880E-04  0.0000E+00  0.0000E+00  0.0000E+00  1.9880E-04
-  78     Real    0.0000E+00  1.9880E-04  0.0000E+00  0.0000E+00  0.0000E+00  0.0000E+00  1.9880E-04
-  79     Real    1.9880E-04  0.0000E+00  0.0000E+00  0.0000E+00  0.0000E+00  0.0000E+00  1.9880E-04
-  80     Real    0.0000E+00  0.0000E+00  0.0000E+00  0.0000E+00  0.0000E+00  0.0000E+00  0.0000E+00
-  81     Real    0.0000E+00  0.0000E+00  0.0000E+00  0.0000E+00  0.0000E+00  0.0000E+00  0.0000E+00
-  82     Real    0.0000E+00  0.0000E+00  0.0000E+00  0.0000E+00  0.0000E+00  0.0000E+00  0.0000E+00
-  83     Real    0.0000E+00  0.0000E+00  0.0000E+00  0.0000E+00  0.0000E+00  0.0000E+00  0.0000E+00
-  84     Real    0.0000E+00  0.0000E+00  0.0000E+00  0.0000E+00  0.0000E+00  0.0000E+00  0.0000E+00
;  85     Real    0.0000E+00  0.0000E+00  0.0000E+00  0.0000E+00  0.0000E+00  0.0000E+00  0.0000E+00
-  86     Real    0.0000E+00  0.0000E+00  3.9548E-06  0.0000E+00  0.0000E+00  0.0000E+00  3.9548E-06
-  87     Real    0.0000E+00  3.9548E-06  0.0000E+00  0.0000E+00  0.0000E+00  0.0000E+00  3.9548E-06
-  88     Real    3.9548E-06  0.0000E+00  0.0000E+00  0.0000E+00  0.0000E+00  0.0000E+00  3.9548E-06
-  89     Real    0.0000E+00  0.0000E+00  0.0000E+00  0.0000E+00  0.0000E+00  0.0000E+00  0.0000E+00
-  90     Real    0.0000E+00  0.0000E+00  0.0000E+00  0.0000E+00  0.0000E+00  0.0000E+00  0.0000E+00
-  91     Real    0.0000E+00  0.0000E+00  3.0503E-04  0.0000E+00  0.0000E+00  0.0000E+00  3.0503E-04
-  92     Real    0.0000E+00  3.0503E-04  0.0000E+00  0.0000E+00  0.0000E+00  0.0000E+00  3.0503E-04
-  93     Real    3.0503E-04  0.0000E+00  0.0000E+00  0.0000E+00  0.0000E+00  0.0000E+00  3.0503E-04
-  94     Real    0.0000E+00  0.0000E+00  0.0000E+00  0.0000E+00  0.0000E+00  0.0000E+00  0.0000E+00
-  95     Real    0.0000E+00  0.0000E+00  0.0000E+00  0.0000E+00  0.0000E+00  0.0000E+00  0.0000E+00
-  96     Real    0.0000E+00  0.0000E+00  0.0000E+00  0.0000E+00  0.0000E+00  0.0000E+00  0.0000E+00
-  97     Real    6.9824E-04  0.0000E+00  0.0000E+00  0.0000E+00  0.0000E+00  0.0000E+00  6.9824E-04
-  98     Real    0.0000E+00  6.9824E-04  0.0000E+00  0.0000E+00  0.0000E+00  0.0000E+00  6.9824E-04
-  99     Real    0.0000E+00  0.0000E+00  6.9824E-04  0.0000E+00  0.0000E+00  0.0000E+00  6.9824E-04
; 100     Real    0.0000E+00  0.0000E+00  0.0000E+00  0.0000E+00  0.0000E+00  0.0000E+00  0.0000E+00
- 101     Real    0.0000E+00  0.0000E+00  0.0000E+00  0.0000E+00  0.0000E+00  0.0000E+00  0.0000E+00
- 102     Real    0.0000E+00  0.0000E+00  0.0000E+00  0.0000E+00  0.0000E+00  0.0000E+00  0.0000E+00
- 103     Real    0.0000E+00  0.0000E+00  0.0000E+00  0.0000E+00  0.0000E+00  0.0000E+00  0.0000E+00
- 104     Real    0.0000E+00  0.0000E+00  0.0000E+00  0.0000E+00  0.0000E+00  0.0000E+00  0.0000E+00
- 105     Real    0.0000E+00  0.0000E+00  0.0000E+00  0.0000E+00  0.0000E+00  0.0000E+00  0.0000E+00
- 106     Real    0.0000E+00  0.0000E+00  0.0000E+00  0.0000E+00  0.0000E+00  0.0000E+00  0.0000E+00
- 107     Real    0.0000E+00  0.0000E+00  0.0000E+00  0.0000E+00  0.0000E+00  0.0000E+00  0.0000E+00
- 108     Real    0.0000E+00  0.0000E+00  0.0000E+00  0.0000E+00  0.0000E+00  0.0000E+00  0.0000E+00
- 109     Real    9.9194E-04  0.0000E+00  0.0000E+00  0.0000E+00  0.0000E+00  0.0000E+00  9.9194E-04
- 110     Real    0.0000E+00  9.9194E-04  0.0000E+00  0.0000E+00  0.0000E+00  0.0000E+00  9.9194E-04
- 111     Real    0.0000E+00  0.0000E+00  9.9194E-04  0.0000E+00  0.0000E+00  0.0000E+00  9.9194E-04
- 112     Real    0.0000E+00  0.0000E+00  3.4856E-04  0.0000E+00  0.0000E+00  0.0000E+00  3.4856E-04
- 113     Real    0.0000E+00  3.4856E-04  0.0000E+00  0.0000E+00  0.0000E+00  0.0000E+00  3.4856E-04
- 114     Real    3.4856E-04  0.0000E+00  0.0000E+00  0.0000E+00  0.0000E+00  0.0000E+00  3.4856E-04
; 115     Real    0.0000E+00  0.0000E+00  0.0000E+00  0.0000E+00  0.0000E+00  0.0000E+00  0.0000E+00
; 116     Real    0.0000E+00  0.0000E+00  0.0000E+00  0.0000E+00  0.0000E+00  0.0000E+00  0.0000E+00
- 117     Real    2.5917E-08  0.0000E+00  0.0000E+00  0.0000E+00  0.0000E+00  0.0000E+00  2.5917E-08
- 118     Real    0.0000E+00  2.5917E-08  0.0000E+00  0.0000E+00  0.0000E+00  0.0000E+00  2.5917E-08
- 119     Real    0.0000E+00  0.0000E+00  2.5917E-08  0.0000E+00  0.0000E+00  0.0000E+00  2.5917E-08
; 120     Real    0.0000E+00  0.0000E+00  0.0000E+00  0.0000E+00  0.0000E+00  0.0000E+00  0.0000E+00
- 121     Real    0.0000E+00  0.0000E+00  0.0000E+00  0.0000E+00  0.0000E+00  0.0000E+00  0.0000E+00
- 122     Real    0.0000E+00  0.0000E+00  0.0000E+00  0.0000E+00  0.0000E+00  0.0000E+00  0.0000E+00
- 123     Real    0.0000E+00  0.0000E+00  0.0000E+00  0.0000E+00  0.0000E+00  0.0000E+00  0.0000E+00
- 124     Real    0.0000E+00  0.0000E+00  0.0000E+00  0.0000E+00  0.0000E+00  0.0000E+00  0.0000E+00
- 125     Real    0.0000E+00  0.0000E+00  0.0000E+00  0.0000E+00  0.0000E+00  0.0000E+00  0.0000E+00
- 126     Real    0.0000E+00  0.0000E+00  5.7461E-04  0.0000E+00  0.0000E+00  0.0000E+00  5.7461E-04
- 127     Real    0.0000E+00  5.7461E-04  0.0000E+00  0.0000E+00  0.0000E+00  0.0000E+00  5.7461E-04
- 128     Real    5.7461E-04  0.0000E+00  0.0000E+00  0.0000E+00  0.0000E+00  0.0000E+00  5.7461E-04
- 129     Real    0.0000E+00  0.0000E+00  0.0000E+00  0.0000E+00  0.0000E+00  0.0000E+00  0.0000E+00
- 130     Real    0.0000E+00  0.0000E+00  0.0000E+00  0.0000E+00  0.0000E+00  0.0000E+00  0.0000E+00
- 131     Real    0.0000E+00  0.0000E+00  0.0000E+00  0.0000E+00  0.0000E+00  0.0000E+00  0.0000E+00
; 132     Real    0.0000E+00  0.0000E+00  0.0000E+00  0.0000E+00  0.0000E+00  0.0000E+00  0.0000E+00
; 133     Real    0.0000E+00  0.0000E+00  0.0000E+00  0.0000E+00  0.0000E+00  0.0000E+00  0.0000E+00
- 134     Real    0.0000E+00  0.0000E+00  0.0000E+00  0.0000E+00  0.0000E+00  0.0000E+00  0.0000E+00
- 135     Real    0.0000E+00  0.0000E+00  0.0000E+00  0.0000E+00  0.0000E+00  0.0000E+00  0.0000E+00
- 136     Real    0.0000E+00  0.0000E+00  0.0000E+00  0.0000E+00  0.0000E+00  0.0000E+00  0.0000E+00
- 137     Real    0.0000E+00  0.0000E+00  0.0000E+00  0.0000E+00  0.0000E+00  0.0000E+00  0.0000E+00
- 138     Real    0.0000E+00  0.0000E+00  0.0000E+00  0.0000E+00  0.0000E+00  0.0000E+00  0.0000E+00
- 139     Real    0.0000E+00  0.0000E+00  7.3431E-04  0.0000E+00  0.0000E+00  0.0000E+00  7.3431E-04
- 140     Real    0.0000E+00  7.3431E-04  0.0000E+00  0.0000E+00  0.0000E+00  0.0000E+00  7.3431E-04
- 141     Real    7.3431E-04  0.0000E+00  0.0000E+00  0.0000E+00  0.0000E+00  0.0000E+00  7.3431E-04
- 142     Real    0.0000E+00  0.0000E+00  0.0000E+00  0.0000E+00  0.0000E+00  0.0000E+00  0.0000E+00
- 143     Real    0.0000E+00  0.0000E+00  0.0000E+00  0.0000E+00  0.0000E+00  0.0000E+00  0.0000E+00
- 144     Real    0.0000E+00  0.0000E+00  0.0000E+00  0.0000E+00  0.0000E+00  0.0000E+00  0.0000E+00
- 145     Real    6.7895E-04  0.0000E+00  0.0000E+00  0.0000E+00  0.0000E+00  0.0000E+00  6.7895E-04
- 146     Real    0.0000E+00  6.7895E-04  0.0000E+00  0.0000E+00  0.0000E+00  0.0000E+00  6.7895E-04
- 147     Real    0.0000E+00  0.0000E+00  6.7895E-04  0.0000E+00  0.0000E+00  0.0000E+00  6.7895E-04
- 148     Real    0.0000E+00  0.0000E+00  0.0000E+00  0.0000E+00  0.0000E+00  0.0000E+00  0.0000E+00
- 149     Real    0.0000E+00  0.0000E+00  0.0000E+00  0.0000E+00  0.0000E+00  0.0000E+00  0.0000E+00
- 150     Real    0.0000E+00  0.0000E+00  0.0000E+00  0.0000E+00  0.0000E+00  0.0000E+00  0.0000E+00
- 151     Real    0.0000E+00  0.0000E+00  0.0000E+00  0.0000E+00  0.0000E+00  0.0000E+00  0.0000E+00
- 152     Real    0.0000E+00  0.0000E+00  0.0000E+00  0.0000E+00  0.0000E+00  0.0000E+00  0.0000E+00
- 153     Real    0.0000E+00  0.0000E+00  0.0000E+00  0.0000E+00  0.0000E+00  0.0000E+00  0.0000E+00
- 154     Real    0.0000E+00  0.0000E+00  0.0000E+00  0.0000E+00  0.0000E+00  0.0000E+00  0.0000E+00
- 155     Real    0.0000E+00  0.0000E+00  9.5026E-05  0.0000E+00  0.0000E+00  0.0000E+00  9.5026E-05
- 156     Real    0.0000E+00  9.5026E-05  0.0000E+00  0.0000E+00  0.0000E+00  0.0000E+00  9.5026E-05
- 157     Real    9.5026E-05  0.0000E+00  0.0000E+00  0.0000E+00  0.0000E+00  0.0000E+00  9.5026E-05
- 158     Real    0.0000E+00  0.0000E+00  0.0000E+00  0.0000E+00  0.0000E+00  0.0000E+00  0.0000E+00
- 159     Real    0.0000E+00  0.0000E+00  0.0000E+00  0.0000E+00  0.0000E+00  0.0000E+00  0.0000E+00
- 160     Real    0.0000E+00  0.0000E+00  0.0000E+00  0.0000E+00  0.0000E+00  0.0000E+00  0.0000E+00
- 161     Real    0.0000E+00  0.0000E+00  0.0000E+00  0.0000E+00  0.0000E+00  0.0000E+00  0.0000E+00
- 162     Real    0.0000E+00  0.0000E+00  0.0000E+00  0.0000E+00  0.0000E+00  0.0000E+00  0.0000E+00
- 163     Real    0.0000E+00  0.0000E+00  0.0000E+00  0.0000E+00  0.0000E+00  0.0000E+00  0.0000E+00
; 164     Real    0.0000E+00  0.0000E+00  0.0000E+00  0.0000E+00  0.0000E+00  0.0000E+00  0.0000E+00
- 165     Real    0.0000E+00  0.0000E+00  0.0000E+00  0.0000E+00  0.0000E+00  0.0000E+00  0.0000E+00
- 166     Real    4.9986E-05  0.0000E+00  0.0000E+00  0.0000E+00  0.0000E+00  0.0000E+00  4.9986E-05
- 167     Real    0.0000E+00  4.9986E-05  0.0000E+00  0.0000E+00  0.0000E+00  0.0000E+00  4.9986E-05
- 168     Real    0.0000E+00  0.0000E+00  4.9986E-05  0.0000E+00  0.0000E+00  0.0000E+00  4.9986E-05
